 Year DOY RefHt  Azim  fr  Hours  Sat Ampl  pk2noise 
 2019 261  0.800  314  1  22.85   1   8.25   3.35 
 2019 261  1.041  285  1  11.60  12   8.29   3.61 
 2019 261  0.660  315  1   7.67  13  12.67   5.09 
 2019 261  0.535  315  1   9.12  15   8.08   3.57 
 2019 261  0.505  317  1  16.91  26  13.72   6.31 
 2019 261  0.860  316  1  19.27  27   6.14   3.03 
 2019 261  1.905  203  1   3.36   1   9.33   3.75 
 2019 261  1.920  231  1   3.57   7  19.20   6.42 
 2019 261  1.945  217  1  18.42  10  11.44   4.09 
 2019 261  1.910  220  1   2.27  11  10.77   5.12 
 2019 261  0.490  195  1  21.11  14   6.12   3.39 
 2019 261  1.955  183  1   8.31  17  14.30   3.86 
 2019 261  1.955  193  1   2.68  18  12.32   4.29 
 2019 261  2.070  210  1  17.40  20   7.23   3.69 
 2019 261  1.990  252  1   0.97  23  14.14   4.98 
 2019 261  2.035  210  1   6.38  28  10.90   4.52 
 2019 261  2.025  251  1   5.08  30  11.49   5.83 
 2019 261  1.780  188  1  20.28  32   6.43   3.09 
 2019 261  1.025   45  1  18.55   5   9.86   3.01 
 2019 261  1.210   47  1  15.34   6   7.05   3.34 
 2019 261  1.995   40  1   9.10   8   6.64   3.08 
 2019 261  0.485   45  1  10.61  11   6.67   4.92 
 2019 261  1.846   78  1   3.05  14   8.52   3.47 
 2019 261  2.045   44  1  21.21  15  11.61   4.07 
 2019 261  2.200   41  1   6.27  16  10.10   4.97 
 2019 261  2.205   42  1   5.16  26  10.83   4.73 
 2019 261  2.480   48  1   3.54  31   8.06   3.13 
 2019 261  1.465  173  1   5.66   3   8.20   3.86 
 2019 261  2.667  124  1  10.12   7   6.53   3.93 
 2019 261  1.755  129  1   5.65   8   7.07   4.17 
 2019 261  0.851  159  1   8.60   9  10.61   4.48 
 2019 261  1.846  106  1   0.84  10  10.75   4.18 
 2019 261  1.305  139  1  17.50  15   9.77   4.23 
 2019 261  1.860  141  1   2.44  16   7.51   3.95 
 2019 261  1.665  138  1  22.80  21   6.93   3.84 
 2019 261  1.895  167  1   4.99  22   9.16   3.86 
 2019 261  1.830  143  1   7.38  23   8.98   3.72 
 2019 261  0.735  151  1  20.26  29   9.72   3.94
 2019 262  0.810  314  1  22.78   1   8.26   3.78 
 2019 262  0.520  319  1  20.72   8   7.99   3.76 
 2019 262  0.665  315  1   7.60  13  11.23   5.17 
 2019 262  0.535  315  1   9.05  15  11.20   3.71 
 2019 262  2.300  311  1  10.56  24   6.71   3.41 
 2019 262  0.870  305  1  13.39  25   6.96   4.01 
 2019 262  0.500  317  1  16.84  26  11.44   5.23 
 2019 262  0.860  316  1  19.21  27   6.96   3.08 
 2019 262  1.855  203  1   3.30   1   8.87   3.81 
 2019 262  2.056  183  1  11.72   2   8.87   3.51 
 2019 262  1.916  231  1   3.50   7  18.58   6.36 
 2019 262  1.955  217  1  18.35  10  12.31   4.42 
 2019 262  1.865  220  1   2.20  11  10.12   5.09 
 2019 262  1.970  207  1  11.89  13   8.34   3.98 
 2019 262  1.895  195  1  21.04  14   8.24   4.37 
 2019 262  0.535  183  1   8.25  17  14.02   3.90 
 2019 262  1.956  193  1   2.61  18  10.33   3.48 
 2019 262  1.990  191  1   8.93  19   8.14   4.32 
 2019 262  2.021  210  1  17.33  20  11.13   5.23 
 2019 262  0.600  252  1   0.90  23  12.75   4.08 
 2019 262  1.780  202  1  15.06  24   7.05   3.14 
 2019 262  1.911  186  1  18.36  25   8.23   3.81 
 2019 262  1.871  236  1  20.08  26  10.73   5.24 
 2019 262  1.985  210  1  23.46  27  13.96   5.14 
 2019 262  2.026  210  1   6.32  28   9.15   4.06 
 2019 262  2.010  251  1   5.01  30   7.95   4.02 
 2019 262  1.980  188  1  20.21  32  11.60   4.23 
 2019 262  1.030   45  1  18.49   5  11.55   3.36 
 2019 262  0.545   47  1  15.27   6   8.30   3.13 
 2019 262  2.085   40  1   9.03   8  10.14   4.08 
 2019 262  0.495   45  1  10.55  11   7.96   3.79 
 2019 262  1.855   78  1   2.98  14   7.86   3.52 
 2019 262  2.071   44  1  21.15  15  16.27   5.35 
 2019 262  2.135   41  1   6.20  16   9.09   5.27 
 2019 262  1.145   64  1  13.74  17   8.93   3.58 
 2019 262  2.175   42  1   5.10  26   8.36   4.05 
 2019 262  2.005   48  1   3.48  31   7.70   3.04 
 2019 262  3.035   69  1   1.83  32   6.90   3.11 
 2019 262  1.466  173  1   5.58   3   6.65   3.32 
 2019 262  1.965  160  1  10.67   6   7.80   3.30 
 2019 262  1.851  124  1  10.05   7  11.60   4.63 
 2019 262  0.855  159  1   8.53   9   9.34   4.35 
 2019 262  1.866  106  1   0.77  10   8.88   3.64 
 2019 262  1.895  164  1  17.16  12  15.98   5.02 
 2019 262  1.350  139  1  17.43  15   9.15   3.13 
 2019 262  1.580  141  1   2.37  16   7.09   3.33 
 2019 262  1.665  138  1  22.73  21   7.57   4.52 
 2019 262  1.905  167  1   4.92  22   7.86   3.21 
 2019 262  1.755  143  1   7.32  23   7.73   3.39 
 2019 262  0.745  131  1   1.58  26   6.55   3.73 
 2019 262  1.745  101  1  12.71  28   7.05   3.52 
 2019 262  0.735  151  1  20.20  29  11.57   4.14 
 2019 262  1.835  140  1  11.36  30   7.16   3.54 
 2019 262  2.020  162  1  22.82  31   7.82   3.01
 2019 263  0.780  314  1  22.71   1   7.73   3.65 
 2019 263  1.610  319  1  20.64   8   7.65   3.52 
 2019 263  0.650  315  1   7.53  13  10.76   4.65 
 2019 263  1.140  319  1  17.88  16   6.03   4.08 
 2019 263  2.345  311  1  10.49  24   6.50   3.11 
 2019 263  0.825  305  1  13.31  25   7.37   3.57 
 2019 263  0.510  317  1  16.77  26  10.74   5.10 
 2019 263  0.860  316  1  19.14  27   6.93   3.16 
 2019 263  1.910  203  1   3.22   1  10.20   4.10 
 2019 263  2.105  183  1  11.64   2  11.62   4.68 
 2019 263  1.905  231  1   3.44   7  18.55   5.80 
 2019 263  1.895  220  1   2.13  11   9.08   4.61 
 2019 263  1.965  207  1  11.82  13   9.45   4.28 
 2019 263  1.900  195  1  20.98  14   8.17   4.60 
 2019 263  1.921  183  1   8.18  17  13.23   3.80 
 2019 263  1.976  193  1   2.54  18  11.57   4.13 
 2019 263  1.995  191  1   8.87  19   9.43   5.03 
 2019 263  2.060  210  1  17.26  20  11.13   5.10 
 2019 263  2.016  252  1   0.84  23  13.93   4.50 
 2019 263  1.770  202  1  14.99  24   6.05   3.18 
 2019 263  1.945  186  1  18.29  25   8.41   4.04 
 2019 263  1.856  236  1  20.00  26  11.03   5.74 
 2019 263  1.980  210  1  23.38  27  13.58   5.22 
 2019 263  2.041  210  1   6.25  28   8.02   3.36 
 2019 263  2.006  251  1   4.94  30  10.64   4.78 
 2019 263  1.991  188  1  20.14  32  12.23   4.88 
 2019 263  2.110   40  1   8.95   8  10.66   4.71 
 2019 263  2.076   45  1  10.48  11   7.13   3.71 
 2019 263  1.876   78  1   2.92  14   9.17   3.79 
 2019 263  2.071   44  1  21.07  15  16.21   4.97 
 2019 263  2.145   41  1   6.13  16   9.75   5.09 
 2019 263  1.131   64  1  13.67  17  10.23   3.67 
 2019 263  2.140   42  1   5.03  26  10.66   4.85 
 2019 263  1.510  173  1   5.52   3   7.46   3.51 
 2019 263  1.385  153  1  14.13   5   8.88   3.34 
 2019 263  1.940  160  1  10.60   6   7.44   3.01 
 2019 263  1.835  124  1   9.99   7  12.92   4.98 
 2019 263  1.325  129  1   5.52   8   6.90   4.18 
 2019 263  0.885  159  1   8.46   9   8.51   4.40 
 2019 263  1.861  106  1   0.70  10  11.52   4.41 
 2019 263  1.900  164  1  17.09  12  15.80   4.86 
 2019 263  1.335  139  1  17.36  15   8.02   3.54 
 2019 263  1.575  141  1   2.29  16   7.85   3.46 
 2019 263  1.680  138  1  22.66  21   7.08   4.05 
 2019 263  0.915  167  1   4.86  22   9.21   3.19 
 2019 263  1.785  143  1   7.25  23   7.91   3.69 
 2019 263  1.145  151  1  20.12  29  11.55   4.20 
 2019 263  1.875  140  1  11.29  30   8.77   3.85 
 2019 263  2.000  162  1  22.75  31   7.35   3.04 
 2019 264  0.780  314  1  22.64   1   8.28   3.51 
 2019 264  2.225  319  1  20.57   8   7.87   3.35 
 2019 264  0.645  315  1   7.46  13  11.08   5.14 
 2019 264  0.530  315  1   8.91  15   9.75   3.90 
 2019 264  1.180  319  1  17.82  16   6.96   3.96 
 2019 264  2.325  311  1  10.43  24   6.27   3.40 
 2019 264  0.850  305  1  13.25  25   7.32   3.77 
 2019 264  0.500  317  1  16.70  26   9.36   4.79 
 2019 264  1.946  203  1   3.15   1   8.72   3.61 
 2019 264  2.055  183  1  11.57   2  10.62   4.08 
 2019 264  1.910  231  1   3.37   7  21.25   6.36 
 2019 264  1.991  217  1  18.22  10  15.23   5.10 
 2019 264  1.945  220  1   2.06  11  10.07   5.06 
 2019 264  1.975  207  1  11.75  13   9.52   4.39 
 2019 264  1.915  195  1  20.91  14   7.46   4.36 
 2019 264  1.920  183  1   8.10  17  13.13   3.46 
 2019 264  1.976  193  1   2.48  18  12.59   4.46 
 2019 264  2.005  191  1   8.80  19  11.90   5.85 
 2019 264  2.035  210  1  17.19  20  12.64   5.49 
 2019 264  2.020  252  1   0.78  23  13.28   4.42 
 2019 264  1.871  202  1  14.92  24   6.51   3.10 
 2019 264  1.950  186  1  18.22  25   8.42   4.35 
 2019 264  1.885  236  1  19.93  26  10.52   5.51 
 2019 264  1.990  210  1  23.32  27  12.85   5.35 
 2019 264  2.060  210  1   6.18  28   9.83   3.93 
 2019 264  1.976  251  1   4.88  30   9.66   4.72 
 2019 264  1.995  188  1  20.07  32  13.09   4.95 
 2019 264  1.940   66  1  17.14   2   8.39   3.61 
 2019 264  1.016   45  1  18.35   5  10.74   3.50 
 2019 264  2.140   40  1   8.89   8  10.55   4.59 
 2019 264  2.075   45  1  10.41  11   7.09   3.93 
 2019 264  1.851   78  1   2.85  14   9.52   3.76 
 2019 264  2.055   44  1  21.00  15  17.38   5.35 
 2019 264  2.166   41  1   6.07  16   9.36   5.21 
 2019 264  1.075   64  1  13.60  17   8.24   3.17 
 2019 264  2.185   42  1   4.95  26   9.39   4.09 
 2019 264  2.490   48  1   3.33  31   9.92   3.23 
 2019 264  1.480  173  1   5.45   3   7.69   3.66 
 2019 264  1.990  160  1  10.53   6   7.49   3.30 
 2019 264  1.855  124  1   9.92   7  13.32   5.08 
 2019 264  1.750  129  1   5.45   8   6.20   3.66 
 2019 264  0.901  159  1   8.39   9   9.38   4.49 
 2019 264  1.870  106  1   0.64  10  11.22   4.70 
 2019 264  1.930  164  1  17.02  12  14.67   4.26 
 2019 264  1.840  141  1   2.23  16   8.30   3.49 
 2019 264  1.740  138  1  22.59  21   6.65   3.81 
 2019 264  0.910  167  1   4.79  22   8.56   3.29 
 2019 264  1.805  143  1   7.18  23   9.43   4.10 
 2019 264  0.730  151  1  20.06  29  11.70   4.02 
 2019 264  1.891  140  1  11.22  30   7.86   4.27 
 2019 264  2.020  162  1  22.68  31   7.19   3.34 
 2019 265  0.800  314  1  22.57   1   7.63   3.66 
 2019 265  2.226  319  1  20.50   8   6.30   3.07 
 2019 265  0.650  315  1   7.40  13  10.81   5.00 
 2019 265  0.530  315  1   8.84  15   8.64   3.37 
 2019 265  1.166  319  1  17.74  16   6.19   3.70 
 2019 265  2.311  311  1  10.35  24   7.21   3.56 
 2019 265  0.885  305  1  13.18  25   7.06   3.90 
 2019 265  0.505  317  1  16.63  26  11.07   4.89 
 2019 265  1.970  203  1   3.09   1   8.69   3.53 
 2019 265  1.950  183  1  11.50   2  11.76   4.89 
 2019 265  1.900  231  1   3.30   7  21.03   6.25 
 2019 265  1.935  217  1  18.18  10  16.59   5.36 
 2019 265  1.910  220  1   2.00  11  10.16   5.11 
 2019 265  1.985  207  1  11.69  13  10.32   4.62 
 2019 265  1.940  195  1  20.84  14   7.94   5.03 
 2019 265  2.015  183  1   8.04  17  12.69   3.80 
 2019 265  1.956  193  1   2.40  18  11.38   4.11 
 2019 265  2.010  191  1   8.72  19  10.83   5.30 
 2019 265  2.070  210  1  17.12  20  14.46   6.31 
 2019 265  2.025  252  1   0.71  23  13.07   4.45 
 2019 265  1.886  202  1  14.85  24   6.98   3.16 
 2019 265  1.955  186  1  18.15  25   9.59   4.01 
 2019 265  1.876  236  1  19.87  26  10.47   5.44 
 2019 265  1.980  210  1  23.25  27  12.43   5.20 
 2019 265  2.036  210  1   6.12  28  11.82   4.51 
 2019 265  1.985  251  1   4.81  30   9.72   4.20 
 2019 265  1.981  188  1  20.00  32  12.79   5.05 
 2019 265  1.930   66  1  17.07   2   8.72   4.00 
 2019 265  2.120   40  1   8.81   8  11.49   4.94 
 2019 265  2.260   45  1  10.35  11   6.46   3.54 
 2019 265  1.866   78  1   2.78  14   9.57   3.88 
 2019 265  2.055   44  1  20.93  15  17.30   5.23 
 2019 265  2.180   41  1   6.00  16   9.84   4.63 
 2019 265  2.115   42  1   4.89  26   9.13   4.25 
 2019 265  2.505   48  1   3.27  31  10.54   3.60 
 2019 265  0.625   69  1   1.62  32   6.62   3.20 
 2019 265  1.465  173  1   5.39   3   8.73   3.73 
 2019 265  1.975  160  1  10.47   6   8.18   3.35 
 2019 265  1.841  124  1   9.85   7  14.31   5.39 
 2019 265  1.785  128  1   5.38   8   6.60   3.50 
 2019 265  0.915  159  1   8.32   9   7.82   4.15 
 2019 265  1.915  164  1  16.95  12  17.55   5.11 
 2019 265  1.960  139  1  17.22  15   7.91   3.21 
 2019 265  1.850  141  1   2.17  16   7.82   3.53 
 2019 265  1.646  138  1  22.52  21   7.28   3.46 
 2019 265  0.895  167  1   4.72  22   9.87   3.35 
 2019 265  1.795  143  1   7.12  23  10.51   4.32 
 2019 265  1.776  101  1  12.50  28   6.46   3.24 
 2019 265  1.140  151  1  19.99  29  11.48   3.97 
 2019 265  1.860  140  1  11.16  30   8.27   3.97 
 2019 265  2.010  162  1  22.62  31   9.66   3.82
 2019 266  0.785  314  1  22.50   1   7.94   3.92 
 2019 266  2.241  319  1  20.43   8   6.72   3.34 
 2019 266  0.640  315  1   7.33  13  11.72   5.19 
 2019 266  0.545  315  1   8.77  15   9.24   3.63 
 2019 266  2.325  311  1  10.28  24   7.31   3.95 
 2019 266  2.235  305  1  13.12  25   7.98   4.11 
 2019 266  0.500  317  1  16.56  26  11.39   5.84 
 2019 266  0.870  316  1  18.93  27   7.16   3.03 
 2019 266  1.870  203  1   3.02   1   9.47   3.72 
 2019 266  2.035  183  1  11.43   2  12.66   4.45 
 2019 266  1.906  231  1   3.24   7  21.56   6.35 
 2019 266  1.950  217  1  18.08  10  14.63   4.78 
 2019 266  1.920  220  1   1.93  11  11.16   5.36 
 2019 266  1.965  207  1  11.62  13  11.31   4.90 
 2019 266  1.940  195  1  20.77  14   9.23   4.31 
 2019 266  1.975  183  1   7.97  17  14.46   4.25 
 2019 266  1.975  193  1   2.34  18  11.93   4.10 
 2019 266  1.995  191  1   8.66  19   9.90   5.26 
 2019 266  2.065  210  1  17.05  20  14.80   6.14 
 2019 266  1.895  243  1  15.80  21   6.18   3.57 
 2019 266  1.995  252  1   0.64  23  14.00   4.73 
 2019 266  1.951  202  1  14.78  24   6.59   3.43 
 2019 266  1.941  186  1  18.08  25  10.44   4.43 
 2019 266  1.891  236  1  19.80  26  11.75   5.66 
 2019 266  2.000  210  1  23.18  27  12.00   5.73 
 2019 266  2.035  210  1   6.05  28  12.32   4.71 
 2019 266  1.945  251  1   4.74  30  10.47   4.70 
 2019 266  2.000  188  1  19.93  32  14.19   4.62 
 2019 266  1.970   66  1  17.00   2   8.12   3.49 
 2019 266  1.965   47  1  15.00   6   7.49   3.07 
 2019 266  2.115   40  1   8.75   8  11.95   4.70 
 2019 266  2.151   45  1  10.28  11   7.38   3.82 
 2019 266  1.866   78  1   2.72  14   8.14   3.33 
 2019 266  2.055   44  1  20.86  15  19.96   5.88 
 2019 266  2.170   41  1   5.92  16   9.67   4.96 
 2019 266  1.145   64  1  13.45  17  10.01   3.83 
 2019 266  2.191   42  1   4.82  26  10.71   4.81 
 2019 266  0.660   69  1   1.55  32   7.93   3.25 
 2019 266  1.466  173  1   5.31   3   9.41   4.11 
 2019 266  1.800  153  1  13.93   5  10.77   3.70 
 2019 266  1.990  160  1  10.40   6   9.61   4.10 
 2019 266  1.806  124  1   9.78   7  12.31   5.00 
 2019 266  1.740  128  1   5.31   8   7.38   4.31 
 2019 266  0.925  159  1   8.25   9   8.85   4.18 
 2019 266  1.920  164  1  16.88  12  18.64   5.21 
 2019 266  1.560  141  1   2.10  16   8.05   3.87 
 2019 266  0.860  167  1   4.65  22   9.32   3.78 
 2019 266  1.775  143  1   7.05  23  11.82   4.64 
 2019 266  0.755  131  1   1.31  26   6.07   3.21 
 2019 266  1.715  101  1  12.44  28   6.56   3.37 
 2019 266  0.705  151  1  19.92  29  11.50   3.91 
 2019 266  1.810  140  1  11.09  30   8.85   3.84 
 2019 266  1.996  162  1  22.55  31   9.14   3.41
 2019 267  0.780  314  1  22.43   1   9.10   4.06 
 2019 267  2.256  319  1  20.36   8   6.64   3.14 
 2019 267  2.130  314  1  22.14  11   6.24   3.04 
 2019 267  2.070  284  1  11.17  12  10.68   3.16 
 2019 267  0.645  315  1   7.26  13  11.76   5.13 
 2019 267  0.991  315  1   8.70  15   8.87   3.37 
 2019 267  2.325  311  1  10.22  24   6.86   3.53 
 2019 267  0.960  305  1  13.05  25   7.88   4.03 
 2019 267  0.510  317  1  16.50  26  11.47   4.93 
 2019 267  0.866  316  1  18.87  27   8.06   3.15 
 2019 267  1.840  203  1   2.95   1   8.80   3.46 
 2019 267  2.005  183  1  11.37   2  11.40   4.34 
 2019 267  1.915  231  1   3.17   7  23.39   6.44 
 2019 267  1.980  217  1  18.01  10  12.89   5.04 
 2019 267  1.940  220  1   1.86  11  11.15   4.75 
 2019 267  1.965  207  1  11.55  13  11.66   4.78 
 2019 267  1.960  195  1  20.70  14   9.51   4.54 
 2019 267  2.000  183  1   7.90  17  11.56   3.93 
 2019 267  1.965  193  1   2.27  18  10.06   3.67 
 2019 267  1.990  191  1   8.59  19  11.71   5.33 
 2019 267  2.050  210  1  16.98  20  14.74   5.73 
 2019 267  2.035  202  1  14.72  24   7.07   3.17 
 2019 267  1.940  186  1  18.02  25  10.98   4.88 
 2019 267  1.880  236  1  19.74  26  12.05   5.53 
 2019 267  1.990  210  1  23.12  27  13.83   5.86 
 2019 267  1.995  210  1   5.98  28  12.20   4.92 
 2019 267  1.985  251  1   4.67  30  11.35   4.67 
 2019 267  1.975  188  1  19.86  32  14.47   5.68 
 2019 267  1.960   66  1  16.93   2   8.90   4.28 
 2019 267  1.005   46  1  18.15   5  11.38   3.19 
 2019 267  2.145   40  1   8.68   8  11.69   4.53 
 2019 267  2.291   45  1  10.21  11   7.41   3.85 
 2019 267  1.840   78  1   2.65  14   8.21   3.22 
 2019 267  2.075   44  1  20.79  15  18.59   5.57 
 2019 267  2.166   41  1   5.86  16  10.06   4.98 
 2019 267  2.225   42  1   4.75  26  10.58   4.73 
 2019 267  2.510   48  1   3.13  31   9.37   3.40 
 2019 267  1.470  173  1   5.24   3   9.50   4.02 
 2019 267  1.765  153  1  13.86   5   9.40   3.33 
 2019 267  1.970  160  1  10.33   6   7.93   3.41 
 2019 267  1.845  124  1   9.72   7  11.79   4.89 
 2019 267  1.745  128  1   5.24   8   6.39   3.71 
 2019 267  0.921  159  1   8.18   9   8.32   3.79 
 2019 267  1.940  164  1  16.81  12  18.29   4.87 
 2019 267  1.581  141  1   2.02  16   7.73   3.65 
 2019 267  1.655  138  1  22.38  21   6.81   3.53 
 2019 267  1.900  167  1   4.58  22  10.55   3.75 
 2019 267  1.775  143  1   6.98  23  10.21   3.90 
 2019 267  1.740  101  1  12.37  28   6.93   3.30 
 2019 267  0.715  151  1  19.85  29  13.25   4.68 
 2019 267  1.860  140  1  11.03  30   8.73   3.75 
 2019 267  1.986  162  1  22.48  31   8.62   3.18
 2019 268  0.785  314  1  22.37   1   8.41   3.87 
 2019 268  2.225  319  1  20.29   8   7.76   3.63 
 2019 268  2.130  314  1  22.07  11   6.22   3.06 
 2019 268  0.630  315  1   7.19  13  11.92   4.99 
 2019 268  0.555  315  1   8.62  15   9.91   3.57 
 2019 268  1.525  309  1  21.43  18   7.08   3.82 
 2019 268  2.315  311  1  10.15  24   8.66   4.43 
 2019 268  0.856  305  1  12.98  25   6.96   3.86 
 2019 268  0.510  317  1  16.43  26  11.14   4.67 
 2019 268  0.850  316  1  18.80  27   7.28   3.08 
 2019 268  1.921  203  1   2.88   1   8.96   3.92 
 2019 268  1.991  183  1  11.29   2  12.42   4.78 
 2019 268  1.895  231  1   3.10   7  20.80   6.19 
 2019 268  1.991  217  1  17.94  10  14.60   5.57 
 2019 268  1.925  220  1   1.79  11  11.27   5.00 
 2019 268  1.985  207  1  11.48  13  11.61   4.63 
 2019 268  1.960  195  1  20.64  14   9.10   4.71 
 2019 268  2.045  183  1   7.83  17  14.10   4.62 
 2019 268  1.975  193  1   2.20  18  11.50   4.27 
 2019 268  2.005  191  1   8.53  19  13.09   5.16 
 2019 268  2.026  210  1  16.91  20  14.64   5.42 
 2019 268  1.865  243  1  15.65  21   6.48   3.50 
 2019 268  1.995  202  1  14.65  24   7.35   3.06 
 2019 268  1.960  186  1  17.95  25  11.28   4.83 
 2019 268  1.866  236  1  19.67  26  10.88   5.68 
 2019 268  1.995  210  1  23.04  27  12.94   5.26 
 2019 268  2.006  210  1   5.91  28  14.11   5.53 
 2019 268  1.970  251  1   4.61  30  12.44   5.50 
 2019 268  1.985  188  1  19.80  32  14.10   5.26 
 2019 268  1.980   66  1  16.85   2   8.40   3.83 
 2019 268  1.445   46  1  18.09   5  10.59   3.18 
 2019 268  2.200   40  1   8.60   8  12.01   4.73 
 2019 268  0.540   45  1  10.15  11   6.65   3.31 
 2019 268  2.061   44  1  20.72  15  19.02   5.81 
 2019 268  2.155   41  1   5.79  16   9.67   5.11 
 2019 268  1.105   64  1  13.32  17   8.88   3.19 
 2019 268  2.165   42  1   4.69  26  10.80   5.05 
 2019 268  2.490   49  1   3.07  31   9.42   3.48 
 2019 268  1.906  173  1   5.18   3   9.20   3.89 
 2019 268  1.685  153  1  13.80   5  11.75   4.10 
 2019 268  1.990  160  1  10.26   6   6.99   3.26 
 2019 268  1.835  124  1   9.65   7  13.43   5.08 
 2019 268  1.760  128  1   5.17   8   6.79   3.58 
 2019 268  0.940  159  1   8.11   9   9.23   4.29 
 2019 268  1.950  164  1  16.75  12  18.74   5.43 
 2019 268  1.585  141  1   1.95  16   8.28   3.59 
 2019 268  0.900  167  1   4.52  22  10.19   3.78 
 2019 268  1.765  143  1   6.92  23  11.16   4.19 
 2019 268  0.750  131  1   1.17  26   6.47   3.38 
 2019 268  1.765  101  1  12.30  28   7.57   3.43 
 2019 268  1.810  151  1  19.79  29  11.07   3.84 
 2019 268  1.816  140  1  10.96  30   8.83   4.15  
   
