 Year DOY RefHt  Azim  fr  Hours  Sat Ampl  pk2noise 
 2020 261  2.175  319  1  19.62   8   6.31   3.89 
 2020 261  2.585  314  1   6.64  13   6.73   3.46 
 2020 261  2.105  315  1   7.96  15   6.62   3.81 
 2020 261  1.901  294  1  19.07  21   6.54   3.56 
 2020 261  2.175  283  1  22.08  22   9.91   4.20 
 2020 261  1.066  311  1   9.53  24   8.30   4.41 
 2020 261  0.520  317  1  15.83  26   8.65   5.63 
 2020 261  2.145  316  1  18.28  27   7.20   3.98 
 2020 261  1.920  202  1   2.36   1   9.37   4.07 
 2020 261  1.910  232  1   2.68   7  14.68   7.41 
 2020 261  1.881  230  1  23.12   8  13.83   6.05 
 2020 261  1.976  216  1  17.41  10  13.57   5.20 
 2020 261  1.990  210  1   0.94  11  14.17   5.12 
 2020 261  2.016  206  1  10.98  13  10.60   4.86 
 2020 261  2.065  183  1   7.37  17  12.10   4.10 
 2020 261  1.886  234  1  14.82  18  15.50   6.89 
 2020 261  1.960  192  1   8.10  19  11.53   5.11 
 2020 261  1.991  206  1  16.15  20  12.24   4.65 
 2020 261  1.961  200  1  14.07  24   8.22   4.61 
 2020 261  2.015  184  1  17.38  25   9.91   4.98 
 2020 261  1.920  234  1  19.13  26  11.18   5.62 
 2020 261  1.995  209  1  22.56  27  10.97   4.96 
 2020 261  2.030  211  1   5.49  28  11.22   4.80 
 2020 261  2.035  251  1   4.09  30  13.91   6.48 
 2020 261  1.945  189  1  19.41  32  16.64   5.37 
 2020 261  1.621   65  1  16.28   2   6.21   3.58 
 2020 261  2.086   45  1  17.43   5   8.37   3.65 
 2020 261  2.180   47  1  14.35   6   7.77   3.42 
 2020 261  2.140   40  1   7.93   8  10.27   4.81 
 2020 261  2.070   44  1  20.07  15   9.65   4.47 
 2020 261  2.116   42  1   5.54  16  10.42   4.98 
 2020 261  0.540   64  1  12.85  17  10.54   4.00 
 2020 261  0.485   71  1  13.65  19   6.23   3.91 
 2020 261  2.200   42  1   4.07  26   7.96   4.07 
 2020 261  2.071   48  1   2.56  31   8.68   4.26 
 2020 261  3.102   70  1   1.07  32   6.39   3.01 
 2020 261  0.906  172  1   4.57   3   6.88   3.25 
 2020 261  1.555  151  1  13.22   5   8.51   4.48 
 2020 261  2.000  159  1   9.78   6   7.25   3.67 
 2020 261  1.841  125  1   9.24   7   8.28   4.28 
 2020 261  1.845  125  1   4.64   8   7.10   3.60 
 2020 261  1.895  159  1   7.65   9  12.82   5.36 
 2020 261  1.965  166  1  16.39  12  10.31   4.81 
 2020 261  1.835  137  1  16.45  15   8.64   4.82 
 2020 261  2.271  145  1   1.57  16   6.00   3.04 
 2020 261  1.925  125  1  21.27  18   6.92   3.91 
 2020 261  1.770  176  1   0.68  21   8.72   3.68 
 2020 261  1.995  165  1   3.89  22   8.66   4.37 
 2020 261  1.835  130  1   0.63  26   6.80   4.08 
 2020 261  0.855  150  1  19.23  29   8.90   4.17 
 2020 261  1.895  162  1  21.91  31  11.83   4.90
 2020 262  1.295  292  1  23.01   3   6.17   3.58 
 2020 262  2.180  319  1  19.58   8   6.57   4.83 
 2020 262  2.565  314  1   6.57  13   6.06   3.22 
 2020 262  2.150  283  1  22.01  22   8.26   3.56 
 2020 262  1.071  311  1   9.46  24   7.17   3.94 
 2020 262  0.520  317  1  15.76  26   7.98   4.95 
 2020 262  2.145  316  1  18.22  27   6.79   3.62 
 2020 262  1.895  202  1   2.29   1   8.40   3.63 
 2020 262  1.895  232  1   2.61   7  14.22   6.97 
 2020 262  1.856  230  1  23.06   8  11.41   5.05 
 2020 262  1.965  216  1  17.34  10  13.33   5.22 
 2020 262  1.986  210  1   0.88  11  12.95   4.70 
 2020 262  1.995  206  1  10.91  13  10.05   4.85 
 2020 262  0.935  183  1   7.30  17  11.66   4.01 
 2020 262  1.895  234  1  14.75  18  15.63   7.05 
 2020 262  1.956  192  1   8.03  19  11.50   5.21 
 2020 262  1.995  206  1  16.08  20  13.20   5.13 
 2020 262  1.970  200  1  14.00  24   9.40   4.73 
 2020 262  2.020  184  1  17.31  25   9.53   4.34 
 2020 262  1.926  234  1  19.06  26  11.40   6.55 
 2020 262  2.010  209  1  22.49  27  13.02   5.31 
 2020 262  2.015  211  1   5.42  28  10.15   4.54 
 2020 262  2.035  251  1   4.02  30  13.55   6.02 
 2020 262  1.965  189  1  19.34  32  17.12   5.69 
 2020 262  1.605   65  1  16.21   2   6.77   3.62 
 2020 262  2.081   45  1  17.36   5   9.56   4.18 
 2020 262  2.115   47  1  14.28   6   6.88   3.44 
 2020 262  2.136   40  1   7.87   8  10.87   5.32 
 2020 262  2.085   44  1  20.00  15  10.71   4.45 
 2020 262  2.095   42  1   5.47  16  10.85   6.00 
 2020 262  0.535   64  1  12.79  17  10.35   4.22 
 2020 262  0.490   71  1  13.59  19   6.50   3.99 
 2020 262  2.285   42  1   4.00  26   7.84   3.70 
 2020 262  2.075   48  1   2.49  31   8.79   4.37 
 2020 262  1.975  172  1   4.51   3   7.49   3.49 
 2020 262  1.545  151  1  13.15   5   7.31   4.10 
 2020 262  1.925  159  1   9.70   6   7.38   3.85 
 2020 262  1.800  125  1   9.17   7   7.84   3.66 
 2020 262  1.865  125  1   4.57   8   6.18   3.41 
 2020 262  1.890  159  1   7.59   9  12.63   4.82 
 2020 262  1.960  166  1  16.32  12  10.93   5.33 
 2020 262  1.850  137  1  16.38  15   9.28   5.48 
 2020 262  1.385  145  1   1.50  16   6.48   3.11 
 2020 262  1.936  125  1  21.20  18   6.72   3.67 
 2020 262  1.840  176  1   0.63  21   7.72   3.42 
 2020 262  2.015  165  1   3.83  22   8.81   4.65 
 2020 262  1.811  102  1  11.83  28   7.36   3.77 
 2020 262  0.890  150  1  19.17  29   7.11   3.49 
 2020 262  1.895  162  1  21.85  31  13.89   5.87
 2020 263  2.196  319  1  19.51   8   6.73   4.26 
 2020 263  2.607  314  1   6.50  13   7.02   3.76 
 2020 263  2.205  283  1  21.95  22   9.06   3.88 
 2020 263  1.055  311  1   9.38  24   8.75   4.33 
 2020 263  0.535  317  1  15.69  26   8.38   4.85 
 2020 263  1.900  202  1   2.22   1   9.69   4.58 
 2020 263  1.901  232  1   2.54   7  13.22   5.95 
 2020 263  1.855  230  1  22.99   8  11.11   5.39 
 2020 263  1.980  216  1  17.27  10  14.78   5.33 
 2020 263  1.986  210  1   0.81  11  13.43   4.54 
 2020 263  1.996  206  1  10.85  13   9.24   4.23 
 2020 263  2.111  183  1   7.23  17  11.34   3.95 
 2020 263  1.895  234  1  14.69  18  14.12   6.63 
 2020 263  1.960  192  1   7.97  19  11.59   4.73 
 2020 263  2.000  206  1  16.01  20  14.42   5.67 
 2020 263  1.960  200  1  13.94  24   8.28   4.46 
 2020 263  2.000  184  1  17.24  25  11.03   4.88 
 2020 263  1.910  234  1  19.00  26   9.88   5.07 
 2020 263  2.010  209  1  22.42  27  12.10   6.05 
 2020 263  2.040  211  1   5.36  28   9.30   3.74 
 2020 263  2.045  251  1   3.95  30  13.98   6.34 
 2020 263  1.985  189  1  19.27  32  18.57   5.77 
 2020 263  2.065   45  1  17.29   5  10.15   4.00 
 2020 263  2.075   47  1  14.21   6   6.48   3.16 
 2020 263  2.140   40  1   7.80   8  10.80   5.14 
 2020 263  2.130   44  1  19.93  15   9.27   4.18 
 2020 263  2.100   42  1   5.40  16   9.76   5.29 
 2020 263  0.545   64  1  12.72  17  10.04   4.60 
 2020 263  2.255   42  1   3.94  26   7.98   3.96 
 2020 263  2.080   48  1   2.42  31   8.99   4.16 
 2020 263  2.410   70  1   0.94  32   7.01   3.10 
 2020 263  2.021  172  1   4.45   3   6.90   3.24 
 2020 263  1.545  151  1  13.08   5   7.94   4.50 
 2020 263  1.965  159  1   9.64   6   7.29   3.32 
 2020 263  1.785  125  1   9.10   7   8.62   3.85 
 2020 263  1.871  159  1   7.52   9  14.29   5.21 
 2020 263  1.960  166  1  16.25  12  10.97   5.40 
 2020 263  1.810  137  1  16.31  15   8.83   4.93 
 2020 263  1.965  125  1  21.13  18   8.11   4.20 
 2020 263  1.975  177  1   0.58  21  11.28   4.30 
 2020 263  1.995  165  1   3.76  22   8.25   4.29 
 2020 263  1.801  102  1  11.77  28   6.05   3.06 
 2020 263  0.855  150  1  19.10  29   6.54   3.20 
 2020 263  1.915  162  1  21.78  31  12.07   4.86
 2020 264  2.190  319  1  19.44   8   6.07   3.81 
 2020 264  2.600  314  1   6.44  13   6.26   3.08 
 2020 264  1.060  311  1   9.32  24   8.20   4.28 
 2020 264  0.540  317  1  15.62  26   6.92   4.43 
 2020 264  2.140  316  1  18.08  27   6.78   3.34 
 2020 264  1.900  202  1   2.15   1  10.35   4.46 
 2020 264  1.915  232  1   2.47   7  14.21   6.19 
 2020 264  1.880  230  1  22.92   8  11.34   5.17 
 2020 264  1.990  216  1  17.20  10  14.29   5.84 
 2020 264  1.985  210  1   0.74  11  11.99   4.28 
 2020 264  1.985  206  1  10.78  13  10.29   4.19 
 2020 264  2.051  183  1   7.17  17  12.29   4.07 
 2020 264  1.900  234  1  14.62  18  15.61   6.25 
 2020 264  1.955  192  1   7.90  19  11.59   5.40 
 2020 264  2.001  206  1  15.94  20  13.47   5.22 
 2020 264  1.980  200  1  13.87  24   8.59   4.60 
 2020 264  1.970  184  1  17.18  25   9.79   4.45 
 2020 264  1.925  234  1  18.93  26  10.03   4.76 
 2020 264  2.030  209  1  22.35  27  10.59   4.98 
 2020 264  2.000  211  1   5.28  28  10.94   4.41 
 2020 264  2.036  251  1   3.88  30  13.41   6.44 
 2020 264  1.985  189  1  19.20  32  16.69   5.81 
 2020 264  2.090   45  1  17.23   5   8.60   3.60 
 2020 264  2.105   47  1  14.14   6   6.56   3.14 
 2020 264  2.135   40  1   7.73   8  10.86   5.47 
 2020 264  2.075   44  1  19.87  15  10.16   4.82 
 2020 264  2.090   42  1   5.33  16  11.26   5.21 
 2020 264  0.535   64  1  12.65  17  10.21   3.83 
 2020 264  0.485   71  1  13.45  19   6.54   4.08 
 2020 264  2.315   42  1   3.87  26   7.91   3.79 
 2020 264  2.066   48  1   2.35  31   8.88   3.82 
 2020 264  2.005  172  1   4.38   3   8.26   3.43 
 2020 264  1.560  151  1  13.02   5   8.76   4.55 
 2020 264  2.016  159  1   9.57   6   7.74   3.63 
 2020 264  1.785  125  1   9.03   7   8.21   4.01 
 2020 264  1.890  125  1   4.43   8   6.98   3.94 
 2020 264  1.865  159  1   7.45   9  13.39   5.83 
 2020 264  1.970  166  1  16.19  12  10.21   4.53 
 2020 264  1.870  137  1  16.25  15   8.58   4.83 
 2020 264  1.921  125  1  21.07  18   7.91   4.62 
 2020 264  1.931  177  1   0.53  21   6.82   3.11 
 2020 264  1.996  165  1   3.69  22   7.19   3.75 
 2020 264  1.810  102  1  11.70  28   6.48   3.07 
 2020 264  0.885  150  1  19.03  29   7.34   3.73 
 2020 264  1.951  162  1  21.71  31  11.53   4.72
 2020 265  1.210  292  1  22.82   3   6.07   3.75 
 2020 265  0.655  314  1   6.37  13   6.10   3.08 
 2020 265  2.150  315  1   7.69  15   6.26   3.34 
 2020 265  2.275  295  1  18.92  21   6.47   3.32 
 2020 265  2.245  283  1  21.81  22  12.69   4.70 
 2020 265  1.050  311  1   9.25  24   7.78   3.71 
 2020 265  0.520  317  1  15.55  26   8.55   5.26 
 2020 265  2.166  316  1  18.02  27   6.68   3.47 
 2020 265  1.940  202  1   2.08   1   9.78   4.10 
 2020 265  1.910  232  1   2.40   7  13.84   6.14 
 2020 265  1.870  230  1  22.85   8  11.62   5.63 
 2020 265  2.005  216  1  17.14  10  13.86   5.23 
 2020 265  2.011  210  1   0.67  11  13.43   4.68 
 2020 265  1.985  206  1  10.71  13  11.06   4.29 
 2020 265  2.095  183  1   7.10  17  13.33   4.56 
 2020 265  1.900  234  1  14.55  18  14.13   5.63 
 2020 265  1.966  192  1   7.83  19  12.84   5.30 
 2020 265  1.996  206  1  15.88  20  14.22   5.35 
 2020 265  1.961  200  1  13.80  24   9.23   4.91 
 2020 265  2.001  184  1  17.11  25  10.31   4.47 
 2020 265  1.920  234  1  18.86  26  10.50   5.61 
 2020 265  2.010  209  1  22.28  27   9.76   4.22 
 2020 265  2.020  211  1   5.22  28  11.33   4.67 
 2020 265  2.031  251  1   3.81  30  13.46   5.63 
 2020 265  1.990  189  1  19.14  32  16.80   5.64 
 2020 265  2.086   45  1  17.16   5   8.78   3.67 
 2020 265  2.091   47  1  14.07   6   6.30   3.30 
 2020 265  2.155   40  1   7.67   8  11.89   5.79 
 2020 265  2.090   44  1  19.80  15   9.39   4.20 
 2020 265  2.115   42  1   5.26  16   9.89   5.16 
 2020 265  0.545   64  1  12.59  17  10.47   4.24 
 2020 265  2.271   42  1   3.80  26   8.72   4.27 
 2020 265  2.080   48  1   2.28  31  10.20   4.60 
 2020 265  2.420   70  1   0.81  32   7.07   3.09 
 2020 265  2.005  172  1   4.31   3   7.17   3.39 
 2020 265  0.565  139  1   6.06   4   6.70   3.42 
 2020 265  1.560  151  1  12.95   5   7.93   4.36 
 2020 265  1.930  159  1   9.50   6   8.02   3.99 
 2020 265  1.815  125  1   8.96   7   8.60   4.44 
 2020 265  1.880  125  1   4.36   8   6.53   3.65 
 2020 265  1.880  159  1   7.38   9  13.46   5.28 
 2020 265  1.960  166  1  16.11  12  10.59   4.39 
 2020 265  1.855  137  1  16.18  15   9.10   5.61 
 2020 265  1.926  125  1  21.00  18   6.61   3.39 
 2020 265  1.930  165  1   3.62  22   7.42   3.65 
 2020 265  0.885  150  1  18.97  29   6.52   3.39 
 2020 265  1.871  140  1  10.15  30   6.24   3.58 
 2020 265  1.870  162  1  21.65  31  11.10   4.53
 2020 266  2.170  319  1  19.31   8   6.54   4.56 
 2020 266  2.640  314  1   6.30  13   6.45   3.64 
 2020 266  1.195  295  1  18.88  21   6.81   3.75 
 2020 266  2.230  283  1  21.75  22  11.24   4.51 
 2020 266  1.051  311  1   9.18  24   8.58   4.34 
 2020 266  0.530  317  1  15.49  26   7.74   5.05 
 2020 266  2.145  316  1  17.94  27   6.40   3.47 
 2020 266  1.955  202  1   2.02   1   9.44   4.13 
 2020 266  1.920  232  1   2.33   7  13.56   6.51 
 2020 266  1.865  230  1  22.79   8  13.18   6.12 
 2020 266  1.985  216  1  17.07  10  14.48   5.44 
 2020 266  2.005  210  1   0.60  11  13.67   5.22 
 2020 266  2.011  206  1  10.64  13   9.90   4.22 
 2020 266  2.121  183  1   7.03  17  10.55   3.83 
 2020 266  1.900  234  1  14.48  18  14.84   5.86 
 2020 266  1.980  192  1   7.77  19  11.93   5.28 
 2020 266  1.981  206  1  15.81  20  13.06   4.83 
 2020 266  1.925  200  1  13.73  24   8.58   4.37 
 2020 266  2.016  184  1  17.04  25   9.87   4.08 
 2020 266  1.920  234  1  18.79  26  12.03   5.60 
 2020 266  2.001  209  1  22.22  27   9.83   4.32 
 2020 266  2.025  211  1   5.15  28  10.81   4.87 
 2020 266  2.020  250  1   3.74  30  14.55   5.74 
 2020 266  2.000  189  1  19.07  32  16.72   5.70 
 2020 266  1.860   45  1  17.09   5   8.99   3.76 
 2020 266  2.135   40  1   7.60   8  11.04   5.39 
 2020 266  2.095   44  1  19.73  15   9.73   4.44 
 2020 266  2.110   42  1   5.19  16   9.85   5.32 
 2020 266  0.535   64  1  12.52  17   9.68   4.20 
 2020 266  2.260   42  1   3.73  26   8.10   4.02 
 2020 266  2.091   48  1   2.22  31  10.41   4.92 
 2020 266  1.945  172  1   4.25   3   7.37   3.48 
 2020 266  1.580  151  1  12.88   5   7.98   4.40 
 2020 266  1.920  159  1   9.43   6   7.44   3.25 
 2020 266  1.830  125  1   8.90   7   8.72   4.86 
 2020 266  1.890  125  1   4.30   8   7.31   4.57 
 2020 266  1.880  159  1   7.31   9  14.14   5.61 
 2020 266  1.776  105  1  23.41  10   9.24   3.85 
 2020 266  1.965  165  1  16.05  12  10.65   4.63 
 2020 266  1.865  137  1  16.11  15   8.85   5.13 
 2020 266  1.875  145  1   1.22  16   6.74   3.28 
 2020 266  1.906  125  1  20.93  18   9.21   4.60 
 2020 266  0.665  178  1   0.44  21  10.00   3.69 
 2020 266  1.975  165  1   3.55  22   7.35   3.68 
 2020 266  0.880  150  1  18.90  29   7.10   3.62 
 2020 266  1.880  140  1  10.08  30   6.56   3.33 
 2020 266  1.860  162  1  21.57  31  12.40   4.76
 2020 267  2.176  319  1  19.23   8   6.63   4.49 
 2020 267  2.605  314  1   6.23  13   6.31   3.48 
 2020 267  2.260  283  1  21.68  22   9.34   3.80 
 2020 267  1.040  311  1   9.11  24   7.95   4.19 
 2020 267  0.545  317  1  15.42  26   7.57   4.82 
 2020 267  2.146  316  1  17.88  27   6.80   3.37 
 2020 267  1.940  202  1   1.95   1  10.03   4.20 
 2020 267  1.921  232  1   2.26   7  14.02   6.21 
 2020 267  1.870  230  1  22.72   8  13.77   6.41 
 2020 267  1.970  216  1  17.00  10  15.61   5.72 
 2020 267  2.000  206  1  10.57  13  10.16   4.48 
 2020 267  1.991  183  1   6.97  17  11.98   4.05 
 2020 267  1.900  234  1  14.42  18  15.08   6.92 
 2020 267  1.976  192  1   7.70  19  12.06   5.18 
 2020 267  2.011  206  1  15.73  20  14.86   5.63 
 2020 267  1.970  200  1  13.66  24   8.87   4.45 
 2020 267  1.991  184  1  16.97  25   9.02   4.01 
 2020 267  1.915  234  1  18.72  26  11.35   6.16 
 2020 267  2.015  209  1  22.15  27  11.27   4.81 
 2020 267  1.990  211  1   5.08  28  10.15   4.23 
 2020 267  2.041  250  1   3.67  30  12.88   5.43 
 2020 267  1.995  189  1  19.00  32  17.80   5.72 
 2020 267  2.050   45  1  17.02   5  10.82   4.61 
 2020 267  1.990   47  1  13.93   6   7.19   3.31 
 2020 267  2.275   40  1   7.53   8  10.81   4.99 
 2020 267  2.130   44  1  19.67  15  10.35   4.48 
 2020 267  2.116   42  1   5.12  16   9.50   5.01 
 2020 267  0.540   64  1  12.45  17  11.60   4.47 
 2020 267  2.240   42  1   3.66  26   7.82   3.49 
 2020 267  2.100   48  1   2.15  31  10.70   4.66 
 2020 267  1.901  172  1   4.18   3   6.90   3.07 
 2020 267  1.580  151  1  12.81   5   9.23   4.49 
 2020 267  1.931  159  1   9.36   6   6.73   3.02 
 2020 267  1.725  125  1   8.82   7   8.25   4.35 
 2020 267  1.870  125  1   4.23   8   7.23   4.23 
 2020 267  1.865  159  1   7.25   9  14.26   5.48 
 2020 267  1.745  105  1  23.34  10  10.18   4.16 
 2020 267  1.965  165  1  15.98  12  11.70   4.91 
 2020 267  1.870  137  1  16.05  15   8.24   4.61 
 2020 267  1.955  125  1  20.87  18   8.78   4.64 
 2020 267  1.975  165  1   3.48  22   8.54   4.20 
 2020 267  1.786  102  1  11.49  28   6.84   3.03 
 2020 267  0.880  150  1  18.83  29   8.60   4.18 
 2020 267  1.885  140  1  10.02  30   6.53   3.36 
 2020 267  1.885  162  1  21.50  31  13.81   4.94  
 2020 268  2.261  314  1  21.33   1   7.18   4.71 
 2020 268  2.200  319  1  19.18   8   6.64   4.24 
 2020 268  2.582  314  1   6.17  13   6.90   3.68 
 2020 268  0.585  315  1   7.49  15   6.41   3.57 
 2020 268  2.115  317  1  16.85  16   6.10   3.47 
 2020 268  2.206  283  1  21.61  22   9.89   3.89 
 2020 268  1.035  311  1   9.04  24   6.98   3.94 
 2020 268  0.535  317  1  15.35  26   7.76   4.54 
 2020 268  1.945  202  1   1.88   1   8.63   4.05 
 2020 268  2.000  249  1  23.41   4  13.61   5.43 
 2020 268  1.891  232  1   2.20   7  11.89   5.56 
 2020 268  1.890  230  1  22.65   8  12.71   5.56 
 2020 268  2.001  216  1  16.93  10  14.92   5.64 
 2020 268  1.990  206  1  10.50  13   9.58   3.91 
 2020 268  1.991  183  1   6.90  17  11.68   3.80 
 2020 268  1.875  234  1  14.35  18  15.58   6.72 
 2020 268  1.990  192  1   7.63  19  11.78   5.41 
 2020 268  2.015  206  1  15.67  20  13.41   5.13 
 2020 268  1.955  200  1  13.60  24   9.36   4.49 
 2020 268  1.986  184  1  16.90  25  10.08   4.41 
 2020 268  1.895  234  1  18.65  26  11.45   6.32 
 2020 268  2.041  209  1  22.08  27  13.49   5.64 
 2020 268  2.040  211  1   5.02  28   8.99   3.53 
 2020 268  2.031  250  1   3.60  30  12.86   5.97 
 2020 268  1.980  189  1  18.94  32  19.11   6.05 
 2020 268  1.245   65  1  15.82   2   7.24   3.24 
 2020 268  2.091   45  1  16.95   5   9.85   4.31 
 2020 268  2.041   47  1  13.87   6   7.83   3.54 
 2020 268  2.250   40  1   7.46   8  10.99   5.64 
 2020 268  2.106   44  1  19.60  15  11.06   4.66 
 2020 268  2.115   42  1   5.05  16  10.37   5.23 
 2020 268  0.540   65  1  12.40  17   9.18   4.07 
 2020 268  2.330   42  1   3.60  26   7.72   4.13 
 2020 268  2.110   48  1   2.08  31   9.37   3.98 
 2020 268  1.890  172  1   4.11   3   8.64   3.36 
 2020 268  0.615  139  1   5.85   4   6.31   3.26 
 2020 268  1.570  151  1  12.74   5   8.36   4.09 
 2020 268  1.946  159  1   9.29   6   7.35   3.51 
 2020 268  1.690  125  1   8.76   7   7.83   4.44 
 2020 268  1.885  125  1   4.16   8   7.31   4.89 
 2020 268  1.860  159  1   7.18   9  12.82   4.96 
 2020 268  1.745  105  1  23.27  10   9.12   3.70 
 2020 268  1.975  165  1  15.91  12  11.29   5.02 
 2020 268  1.866  137  1  15.97  15   8.58   4.51 
 2020 268  1.850  145  1   1.09  16   7.29   3.73 
 2020 268  1.935  125  1  20.80  18   7.54   4.34 
 2020 268  1.825  165  1   3.42  22   7.32   3.49 
 2020 268  1.825  102  1  11.43  28   6.31   3.28 
 2020 268  1.855  150  1  18.77  29   7.07   3.19 
 2020 268  1.856  140  1   9.94  30   7.96   3.99 
 2020 268  1.890  162  1  21.44  31  13.12   5.03 
 
 
 
 