 Year DOY RefHt  Azim  fr  Hours  Sat Ampl  pk2noise 
 2019 233  1.770  319  1  22.77   8   7.97   3.98 
 2019 233  1.226  285  1  13.53  12   6.72   3.74 
 2019 233  0.630  315  1   9.59  13   7.84   3.66 
 2019 233  1.645  315  1  11.05  15   9.03   3.51 
 2019 233  0.780  311  1  12.51  24   7.18   3.36 
 2019 233  0.565  317  1  18.83  26   8.42   3.80 
 2019 233  1.355  316  1  21.20  27   7.93   3.73 
 2019 233  0.850  185  1  13.74   2   8.00   3.58 
 2019 233  1.480  218  1  20.36  10   8.40   4.33 
 2019 233  0.925  208  1  13.84  13   6.87   3.52 
 2019 233  1.445  195  1  23.00  14   8.80   4.93 
 2019 233  0.785  185  1  10.28  17  12.35   4.66 
 2019 233  1.515  211  1  19.35  20   7.82   4.75 
 2019 233  0.775  189  1  22.23  32   7.88   4.06 
 2019 233  1.501   46  1  20.45   5   7.20   3.32 
 2019 233  1.810   79  1   4.95  14   8.29   4.56 
 2019 233  1.470   44  1  23.16  15   9.37   3.86 
 2019 233  1.741   72  1  16.48  19   6.79   4.59 
 2019 233  1.421   49  1   5.47  31  11.07   4.90 
 2019 233  1.420  174  1   7.55   3  11.01   5.54 
 2019 233  0.905  153  1  16.15   5  11.72   3.26 
 2019 233  0.605  161  1  12.65   6   9.54   4.24 
 2019 233  0.715  124  1  11.97   7  10.86   3.61 
 2019 233  1.120  166  1  19.17  12  11.13   4.91 
 2019 233  0.565  140  1  19.40  15  13.47   4.55 
 2019 233  0.941  143  1   4.35  16   9.68   3.30 
 2019 233  1.895   99  1   1.62  20   8.60   4.41 
 2019 233  1.785  167  1   6.88  22   9.23   3.69 
 2019 233  1.845  102  1  14.69  28   7.27   3.27 
 2019 233  1.290  152  1  22.15  29  18.22   5.45 
 2019 233  1.470  140  1  13.27  30  10.45   3.87 
 2019 233  0.785  163  1   0.86  31  11.09   3.71
 2019 234  0.880  314  1   0.78   1   8.36   3.87 
 2019 234  1.760  319  1  22.70   8   7.99   3.73 
 2019 234  1.661  315  1   9.52  13   6.63   3.19 
 2019 234  1.320  315  1  10.99  15   8.74   3.35 
 2019 234  0.790  311  1  12.47  24   7.85   4.27 
 2019 234  0.575  317  1  18.77  26   8.19   3.70 
 2019 234  1.405  316  1  21.13  27   8.31   4.02 
 2019 234  0.810  185  1  13.67   2   7.48   3.66 
 2019 234  1.431  232  1   5.41   7   6.27   3.79 
 2019 234  1.470  218  1  20.30  10   8.47   4.45 
 2019 234  1.540  208  1  13.78  13   6.36   3.89 
 2019 234  1.420  195  1  22.94  14   8.57   5.13 
 2019 234  0.690  185  1  10.21  17  12.10   4.59 
 2019 234  0.525  193  1   4.51  18   6.82   3.44 
 2019 234  1.515  211  1  19.28  20   7.48   4.61 
 2019 234  1.545  253  1   2.80  23   7.12   4.12 
 2019 234  1.646  203  1  16.93  24   8.42   4.50 
 2019 234  0.770  189  1  22.15  32   7.24   3.66 
 2019 234  1.670   68  1  19.28   2   6.50   3.72 
 2019 234  1.461   48  1  17.22   6   6.39   3.18 
 2019 234  1.795   79  1   4.89  14   8.79   4.56 
 2019 234  1.446   44  1  23.10  15   7.15   3.22 
 2019 234  2.585   66  1  15.75  17   7.92   3.04 
 2019 234  1.755   72  1  16.40  19   6.84   4.10 
 2019 234  1.416   49  1   5.41  31   9.14   3.87 
 2019 234  0.590   70  1   3.80  32   7.53   3.67 
 2019 234  1.415  174  1   7.48   3  11.12   5.71 
 2019 234  0.910  153  1  16.08   5  11.86   3.18 
 2019 234  0.570  161  1  12.59   6   8.49   4.13 
 2019 234  0.700  124  1  11.91   7  10.81   3.60 
 2019 234  1.135  166  1  19.10  12  10.44   4.69 
 2019 234  0.555  140  1  19.34  15  13.15   4.24 
 2019 234  0.905  142  1   4.28  16  11.08   3.69 
 2019 234  1.886   98  1   1.54  20   8.20   4.43 
 2019 234  1.180  167  1   6.82  22   9.08   3.75 
 2019 234  1.955  102  1  14.62  28   8.30   3.26 
 2019 234  1.305  152  1  22.09  29  17.69   5.13 
 2019 234  1.455  140  1  13.20  30   8.77   3.39 
 2019 234  0.785  163  1   0.79  31  11.50   3.84
 2019 235  0.900  314  1   0.71   1   9.05   3.95 
 2019 235  1.761  319  1  22.62   8   7.87   3.98 
 2019 235  0.635  315  1   9.45  13   6.53   3.17 
 2019 235  1.645  315  1  10.92  15   9.40   4.03 
 2019 235  0.790  311  1  12.40  24   7.02   3.82 
 2019 235  0.575  317  1  18.70  26   9.76   4.45 
 2019 235  1.390  316  1  21.07  27   8.29   4.14 
 2019 235  1.255  185  1  13.60   2   7.45   3.49 
 2019 235  1.386  218  1  20.23  10   7.63   4.03 
 2019 235  1.555  208  1  13.71  13   6.73   3.88 
 2019 235  1.425  195  1  22.87  14   6.99   5.08 
 2019 235  0.690  185  1  10.14  17  12.24   4.82 
 2019 235  1.520  211  1  19.20  20   7.56   4.50 
 2019 235  1.625  203  1  16.87  24   6.46   3.51 
 2019 235  2.500  187  1  20.18  25   6.44   4.04 
 2019 235  1.575  250  1   6.79  30   6.34   3.45 
 2019 235  0.765  189  1  22.09  32   6.56   3.63 
 2019 235  1.830   79  1   4.82  14   7.77   4.16 
 2019 235  1.420   44  1  23.03  15   8.07   3.48 
 2019 235  1.735   72  1  16.34  19   7.62   4.93 
 2019 235  0.605   70  1   3.72  32   7.11   3.24 
 2019 235  1.115  153  1  16.02   5  12.18   3.31 
 2019 235  0.610  161  1  12.53   6   8.97   4.18 
 2019 235  0.865  124  1  11.85   7  11.32   3.46 
 2019 235  2.870  108  1   2.66  10   8.99   3.02 
 2019 235  1.115  166  1  19.03  12   9.65   3.75 
 2019 235  0.545  140  1  19.27  15  12.32   4.08 
 2019 235  0.910  142  1   4.22  16   9.00   3.23 
 2019 235  1.855   99  1   1.48  20   8.44   4.39 
 2019 235  1.865  167  1   6.64  22  11.21   3.63 
 2019 235  1.940  102  1  14.55  28   6.79   3.04 
 2019 235  1.295  152  1  22.02  29  17.87   5.20 
 2019 235  1.490  140  1  13.13  30   8.77   3.05 
 2019 235  0.806  163  1   0.73  31  12.00   3.58
 2019 236  0.881  314  1   0.64   1   7.23   3.53 
 2019 236  1.740  319  1  22.56   8   6.93   3.48 
 2019 236  0.630  315  1   9.38  13   6.96   3.69 
 2019 236  1.295  315  1  10.85  15   7.56   3.45 
 2019 236  0.555  317  1  18.62  26   9.74   3.63 
 2019 236  1.400  316  1  21.00  27   8.75   3.78 
 2019 236  1.755  185  1  13.54   2   8.13   3.89 
 2019 236  1.526  232  1   5.30   7   6.06   3.68 
 2019 236  1.421  218  1  20.15  10   7.43   3.96 
 2019 236  1.575  208  1  13.64  13   6.52   3.74 
 2019 236  1.435  195  1  22.80  14   8.00   5.91 
 2019 236  0.705  185  1  10.07  17  13.29   4.93 
 2019 236  1.545  211  1  19.14  20   7.79   4.68 
 2019 236  0.580  253  1   2.66  23   7.94   4.40 
 2019 236  1.460  211  1   8.08  28   6.27   4.28 
 2019 236  0.760  189  1  22.01  32   6.49   3.68 
 2019 236  1.805   79  1   4.75  14   9.01   4.26 
 2019 236  1.526   44  1  22.96  15   7.44   3.10 
 2019 236  1.720   72  1  16.27  19   6.56   4.51 
 2019 236  2.031   69  1   3.60  32   7.79   3.22 
 2019 236  1.440  174  1   7.35   3  10.66   5.60 
 2019 236  1.145  153  1  15.95   5  13.07   3.45 
 2019 236  0.710  124  1  11.78   7  11.44   3.40 
 2019 236  1.035  166  1  18.96  12  10.36   3.82 
 2019 236  0.545  140  1  19.20  15  12.74   4.05 
 2019 236  1.246  142  1   4.19  16   9.03   3.24 
 2019 236  1.876   99  1   1.42  20   8.50   4.54 
 2019 236  1.175  167  1   6.69  22  10.01   4.14 
 2019 236  1.311  152  1  21.95  29  18.96   5.68 
 2019 236  0.800  163  1   0.66  31  10.06   3.65
 2019 237  2.041  314  1   0.57   1   6.61   3.62 
 2019 237  1.755  319  1  22.48   8   9.05   3.97 
 2019 237  0.620  315  1   9.32  13   8.03   3.81 
 2019 237  1.655  315  1  10.79  15   7.66   3.48 
 2019 237  0.785  311  1  12.27  24   8.24   4.25 
 2019 237  0.550  317  1  18.56  26   9.96   4.21 
 2019 237  1.415  316  1  20.93  27   7.91   3.63 
 2019 237  1.730  185  1  13.47   2   9.32   4.91 
 2019 237  1.415  218  1  20.09  10   8.34   4.62 
 2019 237  1.470  220  1   3.87  11   6.39   4.09 
 2019 237  1.541  208  1  13.57  13   7.03   3.91 
 2019 237  1.435  195  1  22.73  14   7.75   5.46 
 2019 237  0.710  185  1  10.00  17  12.99   4.86 
 2019 237  0.520  193  1   4.30  18   6.48   3.69 
 2019 237  1.525  211  1  19.07  20   8.20   4.55 
 2019 237  1.675  203  1  16.73  24   6.35   3.29 
 2019 237  1.420  211  1   8.02  28   6.69   4.14 
 2019 237  0.760  189  1  21.95  32   8.42   4.34 
 2019 237  1.416   46  1  20.18   5   8.12   3.06 
 2019 237  1.491   48  1  17.01   6   6.58   3.31 
 2019 237  1.805   79  1   4.69  14   8.65   4.95 
 2019 237  1.736   72  1  16.20  19   6.25   3.81 
 2019 237  1.400   49  1   5.20  31   9.72   3.85 
 2019 237  1.435  174  1   7.28   3  11.43   5.25 
 2019 237  1.190  153  1  15.88   5  12.99   3.62 
 2019 237  0.570  161  1  12.38   6   9.06   4.62 
 2019 237  0.690  124  1  11.70   7   9.40   3.16 
 2019 237  1.130  166  1  18.89  12   9.31   3.60 
 2019 237  0.545  140  1  19.13  15  12.74   4.03 
 2019 237  0.890  142  1   4.07  16   8.94   3.25 
 2019 237  1.875   98  1   1.32  20   7.45   4.44 
 2019 237  1.170  167  1   6.61  22   9.61   3.66 
 2019 237  1.936  102  1  14.42  28   7.04   3.01 
 2019 237  1.305  152  1  21.89  29  19.38   5.06 
 2019 237  0.790  163  1   0.59  31  10.79   3.92
 2019 238  0.845  314  1   0.51   1   7.26   3.85 
 2019 238  1.736  319  1  22.42   8   7.88   3.66 
 2019 238  1.625  285  1  13.18  12   6.49   3.91 
 2019 238  0.630  315  1   9.25  13   8.36   4.29 
 2019 238  1.650  315  1  10.72  15   8.75   3.57 
 2019 238  0.585  317  1  18.49  26   8.28   3.45 
 2019 238  1.410  316  1  20.86  27   8.19   3.64 
 2019 238  1.730  185  1  13.40   2   8.75   4.80 
 2019 238  1.470  232  1   5.15   7   6.75   3.91 
 2019 238  1.370  218  1  20.02  10   8.14   5.34 
 2019 238  1.455  195  1  22.67  14   7.82   4.58 
 2019 238  0.680  185  1   9.93  17  13.22   5.08 
 2019 238  0.525  193  1   4.23  18   6.33   3.73 
 2019 238  1.535  211  1  19.00  20   7.40   4.59 
 2019 238  1.655  203  1  16.67  24   6.01   4.11 
 2019 238  0.780  189  1  21.88  32   6.75   3.61 
 2019 238  1.006   46  1  20.11   5   8.08   3.44 
 2019 238  1.391   45  1  12.20  11   6.74   4.16 
 2019 238  1.801   79  1   4.62  14   9.14   5.51 
 2019 238  1.425   44  1  22.83  15   8.39   3.50 
 2019 238  2.600   66  1  15.46  17   7.17   3.09 
 2019 238  0.515   42  1   6.77  26   6.04   4.22 
 2019 238  1.430   49  1   5.14  31   9.12   3.95 
 2019 238  3.035   70  1   3.53  32   6.56   3.27 
 2019 238  1.455  174  1   7.21   3  10.37   5.16 
 2019 238  1.150  153  1  15.82   5  13.69   3.69 
 2019 238  0.585  161  1  12.32   6   8.68   4.44 
 2019 238  0.720  124  1  11.64   7  10.05   3.13 
 2019 238  1.105  166  1  18.82  12   9.02   3.19 
 2019 238  0.530  140  1  19.06  15  13.28   3.96 
 2019 238  0.910  142  1   4.00  16  11.30   4.02 
 2019 238  1.865   98  1   1.27  20   8.30   4.62 
 2019 238  1.145  167  1   6.54  22   9.56   4.02 
 2019 238  1.896  101  1  14.34  28   7.23   3.06 
 2019 238  0.930  152  1  21.82  29  17.13   4.76 
 2019 238  1.560  140  1  12.94  30   7.92   3.49 
 2019 238  0.775  163  1   0.53  31  11.20   3.97
 2019 239  1.761  319  1  22.34   8   9.03   3.88 
 2019 239  1.616  285  1  13.12  12   6.50   4.04 
 2019 239  0.625  315  1   9.18  13   7.96   3.61 
 2019 239  1.665  315  1  10.65  15   9.20   3.66 
 2019 239  0.795  311  1  12.13  24   7.99   3.78 
 2019 239  0.585  317  1  18.43  26   8.50   3.88 
 2019 239  1.385  316  1  20.80  27   8.78   3.91 
 2019 239  1.736  185  1  13.34   2   8.43   4.02 
 2019 239  1.435  232  1   5.08   7   8.36   3.94 
 2019 239  1.431  218  1  19.95  10   8.02   4.14 
 2019 239  1.555  208  1  13.43  13   6.82   3.59 
 2019 239  1.445  195  1  22.60  14   7.54   4.85 
 2019 239  0.710  185  1   9.86  17  11.37   4.90 
 2019 239  0.510  193  1   4.16  18   6.76   3.69 
 2019 239  1.545  211  1  18.93  20   8.98   5.04 
 2019 239  1.505  211  1   1.07  27   6.21   3.27 
 2019 239  0.770  189  1  21.81  32   6.29   3.31 
 2019 239  0.980   46  1  20.05   5   9.83   4.08 
 2019 239  1.810   79  1   4.55  14   9.21   4.82 
 2019 239  1.480   44  1  22.76  15   8.72   3.63 
 2019 239  1.011   66  1  15.39  17   8.04   3.06 
 2019 239  1.431   49  1   5.07  31  10.56   4.49 
 2019 239  0.605   70  1   3.46  32   7.15   3.61 
 2019 239  1.455  174  1   7.15   3  10.71   5.74 
 2019 239  1.196  153  1  15.75   5  12.99   3.63 
 2019 239  0.570  161  1  12.25   6  10.05   4.70 
 2019 239  0.700  124  1  11.57   7   9.86   3.03 
 2019 239  1.060  166  1  18.75  12   9.92   3.96 
 2019 239  0.545  140  1  19.00  15  13.54   4.17 
 2019 239  0.910  142  1   3.94  16   8.38   3.25 
 2019 239  1.865   99  1   1.20  20   8.77   4.95 
 2019 239  1.155  167  1   6.47  22  10.46   4.01 
 2019 239  1.315  152  1  21.75  29  18.69   5.04 
 2019 239  1.040  141  1  12.89  30   8.48   3.12
 2019 240  1.745  319  1  22.27   8   8.98   4.08 
 2019 240  1.240  285  1  13.05  12   6.63   3.65 
 2019 240  0.635  315  1   9.11  13   8.76   4.11 
 2019 240  1.696  315  1  10.59  15   8.40   3.40 
 2019 240  0.800  311  1  12.07  24   7.18   3.81 
 2019 240  0.600  317  1  18.35  26   8.29   3.64 
 2019 240  1.415  316  1  20.73  27   8.46   4.23 
 2019 240  1.750  185  1  13.27   2   8.88   4.55 
 2019 240  1.456  232  1   5.01   7   7.17   3.82 
 2019 240  1.400  218  1  19.88  10   7.07   3.34 
 2019 240  0.925  208  1  13.37  13   7.22   3.85 
 2019 240  1.460  195  1  22.53  14   6.69   4.35 
 2019 240  0.675  185  1   9.79  17  11.13   4.36 
 2019 240  1.525  211  1  18.86  20   7.14   4.78 
 2019 240  1.606  203  1  16.52  24   6.80   4.14 
 2019 240  1.995  189  1  21.74  32   7.42   3.51 
 2019 240  2.782   68  1  18.88   2   6.94   3.45 
 2019 240  0.550   46  1  19.98   5   6.69   3.19 
 2019 240  1.480   48  1  16.81   6   8.32   4.17 
 2019 240  1.796   79  1   4.49  14   9.19   5.11 
 2019 240  1.430   44  1  22.70  15   9.36   3.67 
 2019 240  1.700   72  1  16.00  19   6.33   4.09 
 2019 240  0.510   42  1   6.63  26   6.50   4.33 
 2019 240  0.610   70  1   3.39  32   6.80   3.34 
 2019 240  1.455  174  1   7.08   3  12.17   5.77 
 2019 240  1.196  153  1  15.68   5  16.03   4.35 
 2019 240  0.555  161  1  12.18   6   9.90   4.43 
 2019 240  0.910  124  1  11.50   7  10.10   3.30 
 2019 240  1.110  166  1  18.68  12  11.65   4.85 
 2019 240  0.535  140  1  18.93  15  13.86   4.07 
 2019 240  0.920  142  1   3.87  16   9.81   4.03 
 2019 240  1.836   98  1   1.12  20   7.60   4.09 
 2019 240  1.160  167  1   6.41  22  10.15   4.23 
 2019 240  1.925  102  1  14.22  28   6.78   3.13 
 2019 240  1.320  152  1  21.68  29  18.33   4.92 
 2019 240  1.070  141  1  12.82  30   9.21   3.87  
  
    
