 Year DOY RefHt  Azim  fr  Hours  Sat Ampl  pk2noise 
 2020 233  1.591  316  1   9.83  15   6.44   3.96 
 2020 233  1.380  182  1  12.64   2   9.08   5.61 
 2020 233  1.605  207  1  12.85  13   6.15   4.68 
 2020 233  1.510  202  1  15.97  24   6.27   5.31 
 2020 233  1.275  184  1  19.27  25   7.00   4.44 
 2020 233  0.785  189  1  21.30  32   6.81   3.56 
 2020 233  1.505   45  1  19.37   5   6.03   4.34 
 2020 233  1.415  172  1   6.47   3   9.48   7.02 
 2020 233  0.995  151  1  15.11   5  10.57   4.80 
 2020 233  0.625  161  1  11.71   6   6.50   3.33 
 2020 233  0.640  126  1  11.18   7  11.62   4.96 
 2020 233  1.870  160  1   9.54   9   6.11   3.84 
 2020 233  1.160  167  1  18.31  12   7.81   4.24 
 2020 233  1.190  166  1   5.77  22   8.58   5.59 
 2020 233  0.965  150  1  21.10  29   9.22   3.91
 2020 234  1.385  183  1  12.57   2   7.25   5.27 
 2020 234  1.561  217  1  19.27  10   6.02   4.60 
 2020 234  0.600  192  1   9.97  19   7.23   4.79 
 2020 234  1.355  184  1  19.18  25   6.69   4.37 
 2020 234  0.760  189  1  21.23  32   6.78   3.83 
 2020 234  1.500   49  1   4.42  31   6.92   5.09 
 2020 234  1.440  141  1   8.24   4   7.14   4.16 
 2020 234  1.010  151  1  15.05   5  10.36   4.73 
 2020 234  0.650  126  1  11.11   7  11.59   5.19 
 2020 234  1.231  160  1   9.50   9   7.80   4.78 
 2020 234  1.145  167  1  18.24  12   7.73   4.22 
 2020 234  1.140  148  1   3.36  16   7.25   4.65 
 2020 234  0.685  126  1  23.06  18   8.05   4.36 
 2020 234  0.955  150  1  21.03  29   8.45   3.90
 2020 235  1.551  203  1   4.10   1   6.01   5.11 
 2020 235  1.430  183  1  12.50   2   7.31   4.91 
 2020 235  1.455  183  1   9.12  17   6.51   3.73 
 2020 235  0.565  192  1   9.88  19   6.98   5.12 
 2020 235  1.530  202  1  15.84  24   6.01   5.20 
 2020 235  1.316  184  1  19.11  25   6.43   4.73 
 2020 235  1.560   49  1   4.38  31   6.64   4.72 
 2020 235  1.430  172  1   6.34   3   9.28   6.58 
 2020 235  1.470  140  1   8.12   4   6.21   3.79 
 2020 235  1.510  161  1  11.57   6   6.26   3.44 
 2020 235  0.640  126  1  11.04   7  11.23   4.89 
 2020 235  1.225  160  1   9.43   9   6.88   4.62 
 2020 235  2.000  107  1   1.62  10  10.91   4.66 
 2020 235  1.135  167  1  18.17  12   6.52   4.09 
 2020 235  1.265  147  1   3.36  16   6.15   4.15 
 2020 235  1.095  169  1   1.91  21   6.03   4.26 
 2020 235  1.180  166  1   5.63  22   7.28   4.62 
 2020 235  1.815  103  1  13.69  28   6.94   3.16 
 2020 235  0.945  150  1  20.97  29   8.64   3.75
 2020 236  1.636  316  1  20.00  27   6.15   4.16 
 2020 236  1.530  203  1   4.03   1   6.59   5.23 
 2020 236  0.555  192  1   9.81  19   6.15   4.67 
 2020 236  1.505  202  1  15.77  24   6.07   5.00 
 2020 236  0.580  189  1  21.12  32   6.11   3.56 
 2020 236  1.755   72  1  15.37  19   6.30   4.56 
 2020 236  1.545   49  1   4.31  31   6.21   5.21 
 2020 236  1.426  172  1   6.27   3   8.94   6.78 
 2020 236  1.465  140  1   8.07   4   6.36   3.91 
 2020 236  0.970  151  1  14.90   5  10.64   4.71 
 2020 236  1.516  161  1  11.50   6   6.41   3.41 
 2020 236  0.645  126  1  10.97   7  11.54   5.11 
 2020 236  1.990  107  1   1.55  10  10.10   4.31 
 2020 236  1.140  167  1  18.10  12   8.18   5.10 
 2020 236  1.255  147  1   3.27  16   6.60   4.44 
 2020 236  1.186  166  1   5.57  22   7.05   4.63 
 2020 236  1.495  150  1  20.90  29   8.50   3.51
 2020 237  1.415  192  1   9.74  19   6.23   4.85 
 2020 237  0.765  189  1  21.05  32   6.07   3.70 
 2020 237  1.740   72  1  15.30  19   7.23   5.11 
 2020 237  1.491   49  1   4.20  31   7.02   4.76 
 2020 237  1.421  172  1   6.26   3   8.83   5.23 
 2020 237  0.980  151  1  14.84   5  10.86   4.55 
 2020 237  1.266  160  1   9.30   9   6.59   5.10 
 2020 237  2.011  107  1   1.48  10  10.43   4.46 
 2020 237  1.140  167  1  18.03  12   6.66   4.25 
 2020 237  1.290  147  1   3.24  16   6.65   4.52 
 2020 237  0.640  126  1  22.88  18   8.98   5.27 
 2020 237  1.201  166  1   5.43  22   6.69   3.02 
 2020 237  1.555  150  1  20.83  29   8.77   3.86
 2020 238  1.540  203  1   3.89   1   6.15   4.84 
 2020 238  1.371  182  1  12.34   2   7.23   4.50 
 2020 238  1.596  207  1  12.52  13   6.93   4.91 
 2020 238  1.480  183  1   8.98  17   9.04   4.15 
 2020 238  0.565  192  1   9.68  19   6.12   4.73 
 2020 238  1.331  184  1  18.91  25   6.22   4.62 
 2020 238  1.735   72  1  15.24  19   6.74   4.85 
 2020 238  1.520   49  1   4.18  31   6.10   4.79 
 2020 238  1.435  172  1   6.14   3   9.22   6.30 
 2020 238  0.975  151  1  14.77   5  10.42   4.66 
 2020 238  1.571  161  1  11.36   6   6.60   3.24 
 2020 238  0.635  126  1  10.83   7  11.50   5.06 
 2020 238  1.995  107  1   1.42  10  10.51   4.36 
 2020 238  1.130  167  1  17.97  12   7.70   4.33 
 2020 238  0.890  147  1   3.15  16   6.83   3.82 
 2020 238  0.665  126  1  22.80  18   8.12   4.29 
 2020 238  1.196  166  1   5.44  22   7.67   4.87 
 2020 238  1.555  151  1  20.77  29   9.09   4.02 
 2020 238  0.901  163  1  23.50  31   6.83   3.56
 2020 239  1.390  183  1  12.24   2   7.13   4.34 
 2020 239  1.615  207  1  12.45  13   6.10   4.56 
 2020 239  1.330  185  1  18.84  25   6.50   4.78 
 2020 239  0.985  151  1  14.70   5  10.40   4.62 
 2020 239  2.015  107  1   1.35  10  10.50   4.60 
 2020 239  1.150  167  1  17.90  12   7.01   4.12 
 2020 239  1.266  147  1   3.09  16   6.30   4.30 
 2020 239  0.655  126  1  22.74  18   8.40   4.69 
 2020 239  1.380  170  1   1.73  21   6.82   4.12 
 2020 239  1.780  103  1  13.42  28   6.56   3.05 
 2020 239  1.525  151  1  20.70  29   9.98   4.32 
 2020 239  0.935  163  1  23.43  31   6.85   3.64
 2020 240  1.540  203  1   3.76   1   6.47   5.18 
 2020 240  1.370  183  1  12.17   2   8.32   5.41 
 2020 240  1.525  217  1  18.87  10   6.08   4.52 
 2020 240  1.620  207  1  12.38  13   6.19   4.70 
 2020 240  1.480  184  1   8.79  17   6.31   3.81 
 2020 240  1.400  192  1   9.54  19   6.77   5.14 
 2020 240  1.336  185  1  18.77  25   6.39   4.62 
 2020 240  0.810  189  1  20.84  32   6.54   4.08 
 2020 240  1.741   72  1  15.10  19   6.56   4.84 
 2020 240  1.510   49  1   4.03  31   6.99   5.24 
 2020 240  1.435  172  1   6.00   3   8.28   5.95 
 2020 240  0.981  151  1  14.64   5  11.17   5.02 
 2020 240  1.565  161  1  11.22   6   7.27   3.63 
 2020 240  0.620  126  1  10.70   7  11.42   5.00 
 2020 240  1.235  160  1   9.09   9   6.65   4.68 
 2020 240  1.996  107  1   1.28  10  11.19   4.65 
 2020 240  1.140  167  1  17.83  12   8.07   4.88 
 2020 240  0.505  147  1   3.02  16   6.37   4.12 
 2020 240  1.810  171  1   1.68  21   7.90   4.26 
 2020 240  1.175  166  1   5.30  22   8.58   6.19 
 2020 240  1.530  151  1  20.63  29  10.25   4.50 
 2020 240  0.885  163  1  23.36  31   6.84   4.19  
    
 
